{
  "asset": {
    "version": "2.0",
    "generator": "THREE.GLTFExporter"
  },
  "scenes": [
    {
      "name": "Scene",
      "nodes": [
        119
      ]
    }
  ],
  "scene": 0,
  "nodes": [
    {
      "matrix": [
        1,
        0,
        0,
        0,
        0,
        1,
        0,
        0,
        0,
        0,
        1,
        0,
        1.7222708463668823,
        7.567717552185059,
        0.6154454350471497,
        1
      ],
      "name": "shadeBrown025",
      "extras": {
        "name": "shadeBrown.025"
      },
      "mesh": 0
    },
    {
      "matrix": [
        1,
        0,
        0,
        0,
        0,
        1,
        0,
        0,
        0,
        0,
        1,
        0,
        6.98315954208374,
        7.70157527923584,
        -0.24955226480960846,
        1
      ],
      "name": "shadeBrown012",
      "extras": {
        "name": "shadeBrown.012"
      },
      "mesh": 1
    },
    {
      "matrix": [
        1,
        0,
        0,
        0,
        0,
        1,
        0,
        0,
        0,
        0,
        1,
        0,
        3.1406123638153076,
        7.70157527923584,
        -0.24955226480960846,
        1
      ],
      "name": "shadeBrown007",
      "extras": {
        "name": "shadeBrown.007"
      },
      "mesh": 2
    },
    {
      "matrix": [
        -1,
        1.5099580252808664e-7,
        0,
        0,
        -1.5099580252808664e-7,
        -1,
        0,
        0,
        0,
        0,
        1,
        0,
        9.416359901428223,
        0.46320033073425293,
        0.6154454350471497,
        1
      ],
      "name": "shadeBrown020",
      "extras": {
        "name": "shadeBrown.020"
      },
      "mesh": 3
    },
    {
      "matrix": [
        1,
        0,
        0,
        0,
        0,
        1,
        0,
        0,
        0,
        0,
        1,
        0,
        9.42129135131836,
        7.567717552185059,
        0.6154454350471497,
        1
      ],
      "name": "shadeBrown014",
      "extras": {
        "name": "shadeBrown.014"
      },
      "mesh": 4
    },
    {
      "matrix": [
        -1,
        1.5099580252808664e-7,
        0,
        0,
        -1.5099580252808664e-7,
        -1,
        0,
        0,
        0,
        0,
        1,
        0,
        5.573813438415527,
        0.46320080757141113,
        0.6154454350471497,
        1
      ],
      "name": "shadeBrown023",
      "extras": {
        "name": "shadeBrown.023"
      },
      "mesh": 5
    },
    {
      "matrix": [
        -1,
        1.5099580252808664e-7,
        0,
        0,
        -1.5099580252808664e-7,
        -1,
        0,
        0,
        0,
        0,
        1,
        0,
        0.29899871349334717,
        0.3293437957763672,
        -0.24955227971076965,
        1
      ],
      "name": "shadeBrown029",
      "extras": {
        "name": "shadeBrown.029"
      },
      "mesh": 6
    },
    {
      "matrix": [
        1,
        0,
        0,
        0,
        0,
        1,
        0,
        0,
        0,
        0,
        1,
        0,
        7.998019218444824,
        7.70157527923584,
        -0.24955226480960846,
        1
      ],
      "name": "shadeBrown019",
      "extras": {
        "name": "shadeBrown.019"
      },
      "mesh": 7
    },
    {
      "matrix": [
        1,
        0,
        0,
        0,
        0,
        1,
        0,
        0,
        0,
        0,
        1,
        0,
        -3.580265522003174,
        7.70157527923584,
        -0.24955226480960846,
        1
      ],
      "name": "shadeBrown033",
      "extras": {
        "name": "shadeBrown.033"
      },
      "mesh": 8
    },
    {
      "matrix": [
        -1,
        1.5099580252808664e-7,
        0,
        0,
        -1.5099580252808664e-7,
        -1,
        0,
        0,
        0,
        0,
        1,
        0,
        4.1554718017578125,
        0.329343318939209,
        -0.24955227971076965,
        1
      ],
      "name": "shadeBrown024",
      "extras": {
        "name": "shadeBrown.024"
      },
      "mesh": 9
    },
    {
      "matrix": [
        1,
        0,
        0,
        0,
        0,
        1,
        0,
        0,
        0,
        0,
        1,
        0,
        -6.089397430419922,
        7.567717552185059,
        0.6154454350471497,
        1
      ],
      "name": "shadeBrown037",
      "extras": {
        "name": "shadeBrown.037"
      },
      "mesh": 10
    },
    {
      "matrix": [
        -1,
        1.5099580252808664e-7,
        0,
        0,
        -1.5099580252808664e-7,
        -1,
        0,
        0,
        0,
        0,
        1,
        0,
        3.1406121253967285,
        0.3293435573577881,
        -0.24955227971076965,
        1
      ],
      "name": "shadeBrown030",
      "extras": {
        "name": "shadeBrown.030"
      },
      "mesh": 11
    },
    {
      "matrix": [
        -1,
        1.5099580252808664e-7,
        0,
        0,
        -1.5099580252808664e-7,
        -1,
        0,
        0,
        0,
        0,
        1,
        0,
        -7.512669563293457,
        0.3293437957763672,
        -0.24955227971076965,
        1
      ],
      "name": "shadeBrown041",
      "extras": {
        "name": "shadeBrown.041"
      },
      "mesh": 12
    },
    {
      "matrix": [
        -1,
        1.5099580252808664e-7,
        0,
        0,
        -1.5099580252808664e-7,
        -1,
        0,
        0,
        0,
        0,
        1,
        0,
        -3.5802650451660156,
        0.3293437957763672,
        -0.24955227971076965,
        1
      ],
      "name": "shadeBrown035",
      "extras": {
        "name": "shadeBrown.035"
      },
      "mesh": 13
    },
    {
      "matrix": [
        1,
        0,
        0,
        0,
        0,
        1,
        0,
        0,
        0,
        0,
        1,
        0,
        -11.440871238708496,
        7.70157527923584,
        -0.24955226480960846,
        1
      ],
      "name": "shadeBrown045",
      "extras": {
        "name": "shadeBrown.045"
      },
      "mesh": 14
    },
    {
      "matrix": [
        4.0309061828070424e-8,
        1.1776447885732224,
        0,
        0,
        -1.1776447885732224,
        4.0309061828070424e-8,
        0,
        0,
        0,
        0,
        1.1776447296142578,
        0,
        -9.460348129272461,
        9.913362503051758,
        0.5686746835708618,
        1
      ],
      "name": "shadeBrown050",
      "extras": {
        "name": "shadeBrown.050"
      },
      "mesh": 15
    },
    {
      "matrix": [
        1,
        0,
        0,
        0,
        0,
        1,
        0,
        0,
        0,
        0,
        1,
        0,
        -7.512669563293457,
        7.70157527923584,
        -0.24955226480960846,
        1
      ],
      "name": "shadeBrown039",
      "extras": {
        "name": "shadeBrown.039"
      },
      "mesh": 16
    },
    {
      "matrix": [
        -1.1776447296142578,
        1.7781941104107646e-7,
        0,
        0,
        -1.7781941104107646e-7,
        -1.1776447296142578,
        0,
        0,
        0,
        0,
        1.1776447296142578,
        0,
        -3.200014114379883,
        -1.431941032409668,
        0.5686746835708618,
        1
      ],
      "name": "shadeBrown053",
      "extras": {
        "name": "shadeBrown.053"
      },
      "mesh": 17
    },
    {
      "matrix": [
        1,
        0,
        0,
        0,
        0,
        1,
        0,
        0,
        0,
        0,
        1,
        0,
        -8.599257469177246,
        7.70157527923584,
        -0.24955226480960846,
        1
      ],
      "name": "shadeBrown044",
      "extras": {
        "name": "shadeBrown.044"
      },
      "mesh": 18
    },
    {
      "matrix": [
        4.0309061828070424e-8,
        -1.1776447885732224,
        0,
        0,
        1.1776447885732224,
        4.0309061828070424e-8,
        0,
        0,
        0,
        0,
        1.1776447296142578,
        0,
        12.912203788757324,
        8.396424293518066,
        1.2711583375930786,
        1
      ],
      "name": "shadeGreen004",
      "extras": {
        "name": "shadeGreen.004"
      },
      "mesh": 19
    },
    {
      "matrix": [
        1.1776447296142578,
        0,
        0,
        0,
        0,
        1.1776447296142578,
        0,
        0,
        0,
        0,
        1.1776447296142578,
        0,
        -10.822558403015137,
        -4.50969123840332,
        1.2711583375930786,
        1
      ],
      "name": "shadeGreen010",
      "extras": {
        "name": "shadeGreen.010"
      },
      "mesh": 20
    },
    {
      "matrix": [
        -1,
        1.5099580252808664e-7,
        0,
        0,
        -1.5099580252808664e-7,
        -1,
        0,
        0,
        0,
        0,
        1,
        0,
        -8.599257469177246,
        0.3293435573577881,
        -0.24955227971076965,
        1
      ],
      "name": "shadeBrown048",
      "extras": {
        "name": "shadeBrown.048"
      },
      "mesh": 21
    },
    {
      "matrix": [
        1.1776447296142578,
        0,
        0,
        0,
        0,
        1.1776447296142578,
        0,
        0,
        0,
        0,
        1.1776447296142578,
        0,
        -10.822558403015137,
        -4.50969123840332,
        0.5686746835708618,
        1
      ],
      "name": "shadeBrown055",
      "extras": {
        "name": "shadeBrown.055"
      },
      "mesh": 22
    },
    {
      "matrix": [
        -1,
        -1.5099580252808664e-7,
        0,
        0,
        1.5099580252808664e-7,
        -1,
        0,
        0,
        0,
        0,
        1,
        0,
        11.270572662353516,
        17.85942268371582,
        0.020807918161153793,
        1
      ],
      "name": "shadeWhite_004001",
      "extras": {
        "name": "shadeWhite_004.001"
      },
      "mesh": 23
    },
    {
      "matrix": [
        -1.1776447296142578,
        1.7781941104107646e-7,
        0,
        0,
        -1.7781941104107646e-7,
        -1.1776447296142578,
        0,
        0,
        0,
        0,
        1.1776447296142578,
        0,
        -3.200014114379883,
        -1.431941032409668,
        1.2711583375930786,
        1
      ],
      "name": "shadeGreen007",
      "extras": {
        "name": "shadeGreen.007"
      },
      "mesh": 24
    },
    {
      "matrix": [
        0.18014131486415863,
        0,
        0,
        0,
        0,
        0.18014131486415863,
        0,
        0,
        0,
        0,
        0.18014131486415863,
        0,
        15.469756126403809,
        -12.545598983764648,
        -0.00006771832704544067,
        1
      ],
      "name": "shadeWhite_015022",
      "extras": {
        "name": "shadeWhite_015.022"
      },
      "mesh": 25
    },
    {
      "matrix": [
        -0.15580159425735474,
        2.3525386760044614e-8,
        0,
        0,
        -2.3525386760044614e-8,
        -0.15580159425735474,
        0,
        0,
        0,
        0,
        0.15580159425735474,
        0,
        4.383364677429199,
        0.13177275657653809,
        -0.0000677257776260376,
        1
      ],
      "name": "shadeWhite_015025",
      "extras": {
        "name": "shadeWhite_015.025"
      },
      "mesh": 26
    },
    {
      "matrix": [
        3.422854177870249e-8,
        -1.0000000500651538,
        0,
        0,
        1.0000000500651538,
        3.422854177870249e-8,
        0,
        0,
        0,
        0,
        1,
        0,
        -2.2638182640075684,
        8.76351547241211,
        0.016972940415143967,
        1
      ],
      "name": "shadeWhite_002002",
      "extras": {
        "name": "shadeWhite_002.002"
      },
      "mesh": 27
    },
    {
      "matrix": [
        0.7010438904984468,
        0,
        0.7131181188734175,
        0,
        0,
        1,
        0,
        0,
        -0.7131181188734175,
        0,
        0.7010438904984468,
        0,
        0.6370048522949219,
        -4.941534519195557,
        0.41964229941368103,
        1
      ],
      "name": "shadeBrown_018",
      "extras": {
        "name": "shadeBrown_018"
      },
      "mesh": 28
    },
    {
      "matrix": [
        -3.149917127132085e-8,
        -1.0000000242916363,
        1.9802541828539688e-8,
        0,
        0.7660445188913068,
        -1.7084101688880082e-8,
        0.6427875571756658,
        0,
        -0.6427875571756658,
        1.9802541828539688e-8,
        0.7660444945996701,
        0,
        0.40107011795043945,
        -4.067111492156982,
        0.32377907633781433,
        1
      ],
      "name": "shadeBrown_021",
      "extras": {
        "name": "shadeBrown_021"
      },
      "mesh": 29
    },
    {
      "matrix": [
        0.4315102533826618,
        0,
        0.9021080512377253,
        0,
        0,
        1,
        0,
        0,
        -0.9021080512377253,
        0,
        0.4315102533826618,
        0,
        0.5963125228881836,
        -14.78005599975586,
        0.2861918807029724,
        1
      ],
      "name": "shadeBrown_018001",
      "extras": {
        "name": "shadeBrown_018.001"
      },
      "mesh": 30
    },
    {
      "matrix": [
        -5.1349218210816616e-8,
        -1.0000000306119645,
        3.6692277660677064e-8,
        0,
        0.5158251798032794,
        -9.874712603163971e-9,
        0.856693903973202,
        0,
        -0.856693903973202,
        3.6692277660677064e-8,
        0.5158251491913131,
        0,
        0.40428781509399414,
        -15.682685852050781,
        0.11891484260559082,
        1
      ],
      "name": "shadeBrown_022001",
      "extras": {
        "name": "shadeBrown_022.001"
      },
      "mesh": 31
    },
    {
      "matrix": [
        -2.1745059086697438e-8,
        1.0000000126525386,
        -4.115437945984013e-8,
        0,
        -0.9069174615373292,
        -3.560019834480954e-9,
        0.4213083707496992,
        0,
        0.4213083707496992,
        4.115437945984013e-8,
        0.9069174488847889,
        0,
        5.2489333152771,
        -9.790691375732422,
        0.6073147654533386,
        1
      ],
      "name": "shadeBrown_017003",
      "extras": {
        "name": "shadeBrown_017.003"
      },
      "mesh": 32
    },
    {
      "matrix": [
        0.9433128347137583,
        0,
        0.3319049556049549,
        0,
        0,
        1,
        0,
        0,
        -0.3319049556049549,
        0,
        0.9433128347137583,
        0,
        4.487270355224609,
        -9.899436950683594,
        1.0685315132141113,
        1
      ],
      "name": "shadeBeige_006",
      "extras": {
        "name": "shadeBeige_006"
      },
      "mesh": 33
    },
    {
      "matrix": [
        0.18014131486415863,
        0,
        0,
        0,
        0,
        0.18014131486415863,
        0,
        0,
        0,
        0,
        0.18014131486415863,
        0,
        -7.954529285430908,
        -2.293107509613037,
        -0.00006771832704544067,
        1
      ],
      "name": "shadeWhite_015008",
      "extras": {
        "name": "shadeWhite_015.008"
      },
      "mesh": 34
    },
    {
      "matrix": [
        0.4378306442867981,
        0,
        0.8990574910499376,
        0,
        0,
        1,
        0,
        0,
        -0.8990574910499376,
        0,
        0.4378306442867981,
        0,
        3.774656295776367,
        -9.765233039855957,
        1.0475022792816162,
        1
      ],
      "name": "shadeBrown_017005",
      "extras": {
        "name": "shadeBrown_017.005"
      },
      "mesh": 35
    },
    {
      "matrix": [
        0.15580159425735474,
        0,
        0,
        0,
        0,
        0.15580159425735474,
        0,
        0,
        0,
        0,
        0.15580159425735474,
        0,
        12.287073135375977,
        17.567886352539062,
        -0.00006771832704544067,
        1
      ],
      "name": "shadeWhite_015019",
      "extras": {
        "name": "shadeWhite_015.019"
      },
      "mesh": 36
    },
    {
      "matrix": [
        -0.41743108676388374,
        0,
        -0.908708525898831,
        0,
        0.908708525898831,
        3.624934485912945e-8,
        -0.4174311230132286,
        0,
        0,
        -0.9999999637506551,
        3.624934485912945e-8,
        0,
        4.87082576751709,
        -11.148398399353027,
        0.5322378277778625,
        1
      ],
      "name": "shadeBrown_017008",
      "extras": {
        "name": "shadeBrown_017.008"
      },
      "mesh": 37
    },
    {
      "matrix": [
        9.113703709465578e-9,
        0.2662603690413489,
        0,
        0,
        -0.2662603690413489,
        9.113703709465578e-9,
        0,
        0,
        0,
        0,
        0.18014131486415863,
        0,
        15.90111255645752,
        -12.281875610351562,
        -0.00006771832704544067,
        1
      ],
      "name": "shadeWhite_015023",
      "extras": {
        "name": "shadeWhite_015.023"
      },
      "mesh": 38
    },
    {
      "matrix": [
        0.7233116544309492,
        2.1142719575095725e-7,
        -0.6905217390899949,
        0,
        -0.6905217390900269,
        1.486910008452469e-7,
        -0.7233116934487462,
        0,
        -2.331074000494482e-8,
        1.000000039017781,
        2.427492287182531e-7,
        0,
        3.9387736320495605,
        -11.265928268432617,
        0.4201778769493103,
        1
      ],
      "name": "shadeBrown_016002",
      "extras": {
        "name": "shadeBrown_016.002"
      },
      "mesh": 39
    },
    {
      "matrix": [
        0.15580159425735474,
        0,
        0,
        0,
        0,
        0.15580159425735474,
        0,
        0,
        0,
        0,
        0.15580159425735474,
        0,
        11.501265525817871,
        0.6204543113708496,
        -0.00006771087646484375,
        1
      ],
      "name": "shadeWhite_015021",
      "extras": {
        "name": "shadeWhite_015.021"
      },
      "mesh": 40
    },
    {
      "matrix": [
        -0.9433128998225584,
        1.4537612226512122e-7,
        0.3319049556049549,
        0,
        -1.4537612226512122e-7,
        -1.0000000651088001,
        2.4829277575850653e-8,
        0,
        0.3319049556049549,
        -2.4829277575850653e-8,
        0.9433128347137583,
        0,
        -6.213499546051025,
        -9.618915557861328,
        0.5976854562759399,
        1
      ],
      "name": "shadeBeige_008",
      "extras": {
        "name": "shadeBeige_008"
      },
      "mesh": 41
    },
    {
      "matrix": [
        0.7010438904984468,
        0,
        0.7131181188734175,
        0,
        0,
        1,
        0,
        0,
        -0.7131181188734175,
        0,
        0.7010438904984468,
        0,
        0.2679569721221924,
        -4.941534519195557,
        0.10208934545516968,
        1
      ],
      "name": "shadeBrown_019",
      "extras": {
        "name": "shadeBrown_019"
      },
      "mesh": 42
    },
    {
      "matrix": [
        -0.030297728367436605,
        0.9974268485384634,
        0.06497430407300442,
        0,
        -0.42153078849809233,
        -0.071691071623464,
        0.9039757256329395,
        0,
        0.9063077693164274,
        -2.2824887224714985e-7,
        0.42261825380781737,
        0,
        -4.276844024658203,
        -8.797684669494629,
        0.7435383200645447,
        1
      ],
      "name": "shadeBrown_015007",
      "extras": {
        "name": "shadeBrown_015.007"
      },
      "mesh": 43
    },
    {
      "matrix": [
        -3.149917127132085e-8,
        -1.0000000242916363,
        1.9802541828539688e-8,
        0,
        0.7660445188913068,
        -1.7084101688880082e-8,
        0.6427875571756658,
        0,
        -0.6427875571756658,
        1.9802541828539688e-8,
        0.7660444945996701,
        0,
        0.40107011795043945,
        -5.8441643714904785,
        0.32377907633781433,
        1
      ],
      "name": "shadeBrown_022",
      "extras": {
        "name": "shadeBrown_022"
      },
      "mesh": 44
    },
    {
      "matrix": [
        0.4315102533826618,
        0,
        0.9021080512377253,
        0,
        0,
        1,
        0,
        0,
        -0.9021080512377253,
        0,
        0.4315102533826618,
        0,
        0.46659088134765625,
        -14.78005599975586,
        -0.026703588664531708,
        1
      ],
      "name": "shadeBrown_019001",
      "extras": {
        "name": "shadeBrown_019.001"
      },
      "mesh": 45
    },
    {
      "matrix": [
        -0.4378307248490003,
        2.0240544484330157e-7,
        0.8990574910499376,
        0,
        -2.0240544484330157e-7,
        -1.0000000805622022,
        1.2656158216035897e-7,
        0,
        0.8990574910499376,
        -1.2656158216035897e-7,
        0.4378306442867981,
        0,
        -4.121127605438232,
        -9.733052253723145,
        0.18567496538162231,
        1
      ],
      "name": "shadeBrown_017016",
      "extras": {
        "name": "shadeBrown_017.016"
      },
      "mesh": 46
    },
    {
      "matrix": [
        -0.4699801461984521,
        0,
        -0.8826770312936532,
        0,
        0.8826770312936532,
        -2.7005158997894796e-8,
        -0.4699801191932931,
        0,
        0,
        -1.000000027005159,
        -2.7005158997894796e-8,
        0,
        0.9123368263244629,
        -15.881019592285156,
        0.09506785869598389,
        1
      ],
      "name": "shadeBrown_014001",
      "extras": {
        "name": "shadeBrown_014.001"
      },
      "mesh": 47
    },
    {
      "matrix": [
        -0.9995056638533981,
        1.5014604604068893e-7,
        0.031437465536503284,
        0,
        -0.03143746553652815,
        -1.378191130108064e-7,
        -0.9995056922818205,
        0,
        1.4484543053860932e-7,
        0.9999999715715492,
        -1.9931400307982017e-7,
        0,
        -5.264418601989746,
        -11.299871444702148,
        0.4795002341270447,
        1
      ],
      "name": "shadeBrown_016003",
      "extras": {
        "name": "shadeBrown_016.003"
      },
      "mesh": 48
    },
    {
      "matrix": [
        1.1776447296142578,
        0,
        0,
        0,
        0,
        1.1776447296142578,
        0,
        0,
        0,
        0,
        1.1776447296142578,
        0,
        -0.16943931579589844,
        -8.538260459899902,
        2.4613866806030273,
        1
      ],
      "name": "shadeRed_004",
      "extras": {
        "name": "shadeRed_004"
      },
      "mesh": 49
    },
    {
      "matrix": [
        -2.1745059086697438e-8,
        1.0000000126525386,
        -4.115437945984013e-8,
        0,
        -0.9069174615373292,
        -3.560019834480954e-9,
        0.4213083707496992,
        0,
        0.4213083707496992,
        4.115437945984013e-8,
        0.9069174488847889,
        0,
        5.2489333152771,
        -8.520505905151367,
        0.6073147654533386,
        1
      ],
      "name": "shadeBrown_017004",
      "extras": {
        "name": "shadeBrown_017.004"
      },
      "mesh": 50
    },
    {
      "matrix": [
        -6.812145336709818e-8,
        -0.9999999970288673,
        -4.5290970973610456e-8,
        0,
        0.4226182440402635,
        -6.812145336709818e-8,
        0.9063077920122176,
        0,
        -0.9063077920122176,
        4.5290970973610456e-8,
        0.42261824701139616,
        0,
        3.5370070934295654,
        -9.493117332458496,
        0.7435383200645447,
        1
      ],
      "name": "shadeBrown_015001",
      "extras": {
        "name": "shadeBrown_015.001"
      },
      "mesh": 51
    },
    {
      "matrix": [
        40,
        0,
        0,
        0,
        0,
        40,
        0,
        0,
        0,
        0,
        40,
        0,
        0,
        0,
        0,
        1
      ],
      "name": "floor006",
      "extras": {
        "name": "floor.006"
      },
      "mesh": 52
    },
    {
      "matrix": [
        1,
        0,
        0,
        0,
        0,
        1,
        0,
        0,
        0,
        0,
        1,
        0,
        5.564817905426025,
        7.567717552185059,
        0.6154454350471497,
        1
      ],
      "name": "shadeBrown008",
      "extras": {
        "name": "shadeBrown.008"
      },
      "mesh": 53
    },
    {
      "matrix": [
        1,
        0,
        0,
        0,
        0,
        1,
        0,
        0,
        0,
        0,
        1,
        0,
        10.839632987976074,
        7.70157527923584,
        -0.24955226480960846,
        1
      ],
      "name": "shadeBrown017",
      "extras": {
        "name": "shadeBrown.017"
      },
      "mesh": 54
    },
    {
      "matrix": [
        -6.812145336709818e-8,
        -0.9999999970288673,
        -4.5290970973610456e-8,
        0,
        0.4226182440402635,
        -6.812145336709818e-8,
        0.9063077920122176,
        0,
        -0.9063077920122176,
        4.5290970973610456e-8,
        0.42261824701139616,
        0,
        3.5370070934295654,
        -10.090874671936035,
        0.7435383200645447,
        1
      ],
      "name": "shadeBrown_015004",
      "extras": {
        "name": "shadeBrown_015.004"
      },
      "mesh": 55
    },
    {
      "matrix": [
        -1,
        1.5099580252808664e-7,
        0,
        0,
        -1.5099580252808664e-7,
        -1,
        0,
        0,
        0,
        0,
        1,
        0,
        10.839632034301758,
        0.3293423652648926,
        -0.24955227971076965,
        1
      ],
      "name": "shadeBrown022",
      "extras": {
        "name": "shadeBrown.022"
      },
      "mesh": 56
    },
    {
      "matrix": [
        -0.4502013570155583,
        0,
        -0.8929270193865619,
        0,
        0.8929270193865619,
        2.6269034947290493e-8,
        -0.45020138328459325,
        0,
        0,
        -0.999999973730965,
        2.6269034947290493e-8,
        0,
        4.722519874572754,
        -11.148398399353027,
        0.19113442301750183,
        1
      ],
      "name": "shadeBrown_017009",
      "extras": {
        "name": "shadeBrown_017.009"
      },
      "mesh": 57
    },
    {
      "matrix": [
        -1.2652539016499986e-8,
        -1.0000000171987988,
        -2.0577189729920065e-8,
        0,
        0.906917456991069,
        -2.1745059086697438e-8,
        0.4213083913268889,
        0,
        -0.4213083913268889,
        -2.0577189729920065e-8,
        0.9069174397922697,
        0,
        -5.988770008087158,
        -8.54382038116455,
        0.6073147654533386,
        1
      ],
      "name": "shadeBrown_017011",
      "extras": {
        "name": "shadeBrown_017.011"
      },
      "mesh": 58
    },
    {
      "matrix": [
        -1,
        1.5099580252808664e-7,
        0,
        0,
        -1.5099580252808664e-7,
        -1,
        0,
        0,
        0,
        0,
        1,
        0,
        1.7173398733139038,
        0.46320128440856934,
        0.6154454350471497,
        1
      ],
      "name": "shadeBrown028",
      "extras": {
        "name": "shadeBrown.028"
      },
      "mesh": 59
    },
    {
      "matrix": [
        -0.9433128998225584,
        1.4537612226512122e-7,
        0.3319049556049549,
        0,
        -1.4537612226512122e-7,
        -1.0000000651088001,
        2.4829277575850653e-8,
        0,
        0.3319049556049549,
        -2.4829277575850653e-8,
        0.9433128347137583,
        0,
        -7.190952301025391,
        -9.618915557861328,
        0.12087929248809814,
        1
      ],
      "name": "shadeBeige_007",
      "extras": {
        "name": "shadeBeige_007"
      },
      "mesh": 60
    },
    {
      "matrix": [
        1,
        0,
        0,
        0,
        0,
        1,
        0,
        0,
        0,
        0,
        1,
        0,
        -2.1569929122924805,
        7.567717552185059,
        0.6154454350471497,
        1
      ],
      "name": "shadeBrown031",
      "extras": {
        "name": "shadeBrown.031"
      },
      "mesh": 61
    },
    {
      "matrix": [
        1.1935468080537248e-7,
        1.0000000681214445,
        -1.948935590689871e-8,
        0,
        -0.4226183151328442,
        2.877273885815157e-8,
        0.9063078373031956,
        0,
        0.9063078373031814,
        -1.6167452798754312e-7,
        0.4226182470113926,
        0,
        -4.276844024658203,
        -10.681612014770508,
        0.7435383200645447,
        1
      ],
      "name": "shadeBrown_015006",
      "extras": {
        "name": "shadeBrown_015.006"
      },
      "mesh": 62
    },
    {
      "matrix": [
        -1,
        1.5099580252808664e-7,
        0,
        0,
        -1.5099580252808664e-7,
        -1,
        0,
        0,
        0,
        0,
        1,
        0,
        -2.161923885345459,
        0.46320128440856934,
        0.6154454350471497,
        1
      ],
      "name": "shadeBrown034",
      "extras": {
        "name": "shadeBrown.034"
      },
      "mesh": 63
    },
    {
      "matrix": [
        -0.43721276612214677,
        -0.053107392621819516,
        0.8977887801265584,
        0,
        0.023251943109574347,
        -0.9985888705628696,
        -0.047746646926553504,
        0,
        0.8990575265320072,
        -1.0841214259649234e-7,
        0.4378305606824401,
        0,
        -4.321386337280273,
        -9.733052253723145,
        0.6148005723953247,
        1
      ],
      "name": "shadeBrown_017015",
      "extras": {
        "name": "shadeBrown_017.015"
      },
      "mesh": 64
    },
    {
      "matrix": [
        0.35803562342318784,
        -9.116345367488066e-8,
        -0.9337079419503063,
        0,
        -0.933707941950292,
        1.4277546078744763e-7,
        -0.35803564562156076,
        0,
        -1.8667713064246527e-7,
        -1.0000000221983445,
        4.82518931477216e-8,
        0,
        -5.314050674438477,
        -11.182341575622559,
        -0.10547727346420288,
        1
      ],
      "name": "shadeBrown_017019",
      "extras": {
        "name": "shadeBrown_017.019"
      },
      "mesh": 65
    },
    {
      "matrix": [
        1,
        0,
        0,
        0,
        0,
        1,
        0,
        0,
        0,
        0,
        1,
        0,
        -4.671055793762207,
        7.70157527923584,
        -0.24955226480960846,
        1
      ],
      "name": "shadeBrown038",
      "extras": {
        "name": "shadeBrown.038"
      },
      "mesh": 66
    },
    {
      "matrix": [
        1.1776447296142578,
        0,
        0,
        0,
        0,
        1.1776447296142578,
        0,
        0,
        0,
        0,
        1.1776447296142578,
        0,
        -0.16943931579589844,
        -10.806158065795898,
        2.4613866806030273,
        1
      ],
      "name": "shadeRed_003",
      "extras": {
        "name": "shadeRed_003"
      },
      "mesh": 67
    },
    {
      "matrix": [
        -1,
        1.5099580252808664e-7,
        0,
        0,
        -1.5099580252808664e-7,
        -1,
        0,
        0,
        0,
        0,
        1,
        0,
        -4.671055793762207,
        0.3293435573577881,
        -0.24955227971076965,
        1
      ],
      "name": "shadeBrown042",
      "extras": {
        "name": "shadeBrown.042"
      },
      "mesh": 68
    },
    {
      "matrix": [
        -1,
        1.5099580252808664e-7,
        0,
        0,
        -1.5099580252808664e-7,
        -1,
        0,
        0,
        0,
        0,
        1,
        0,
        -10.022529602050781,
        0.46320128440856934,
        0.6154454350471497,
        1
      ],
      "name": "shadeBrown046",
      "extras": {
        "name": "shadeBrown.046"
      },
      "mesh": 69
    },
    {
      "matrix": [
        4.0309061828070424e-8,
        -1.1776447885732224,
        0,
        0,
        1.1776447885732224,
        4.0309061828070424e-8,
        0,
        0,
        0,
        0,
        1.1776447296142578,
        0,
        12.912203788757324,
        8.396424293518066,
        0.5686746835708618,
        1
      ],
      "name": "shadeBrown051",
      "extras": {
        "name": "shadeBrown.051"
      },
      "mesh": 70
    },
    {
      "matrix": [
        1,
        0,
        0,
        0,
        0,
        1,
        0,
        0,
        0,
        0,
        1,
        0,
        0.29899823665618896,
        7.70157527923584,
        -0.24955226480960846,
        1
      ],
      "name": "shadeBrown026",
      "extras": {
        "name": "shadeBrown.026"
      },
      "mesh": 71
    },
    {
      "matrix": [
        4.0309061828070424e-8,
        -1.1776447885732224,
        0,
        0,
        1.1776447885732224,
        4.0309061828070424e-8,
        0,
        0,
        0,
        0,
        1.1776447296142578,
        0,
        15.159719467163086,
        -12.137014389038086,
        0.5686746835708618,
        1
      ],
      "name": "shadeBrown054",
      "extras": {
        "name": "shadeBrown.054"
      },
      "mesh": 72
    },
    {
      "matrix": [
        1.1776447296142578,
        0,
        0,
        0,
        0,
        1.1776447296142578,
        0,
        0,
        0,
        0,
        1.1776447296142578,
        0,
        -14.859877586364746,
        7.926901817321777,
        1.2711583375930786,
        1
      ],
      "name": "shadeGreen005",
      "extras": {
        "name": "shadeGreen.005"
      },
      "mesh": 73
    },
    {
      "matrix": [
        2.7768313614880815e-8,
        -0.8112619925393247,
        0,
        0,
        0.8112619925393247,
        2.7768313614880815e-8,
        0,
        0,
        0,
        0,
        0.8112619519233704,
        0,
        -3.9689712524414062,
        -2.046409845352173,
        0.025493217632174492,
        1
      ],
      "name": "shadeWhite_001002",
      "extras": {
        "name": "shadeWhite_001.002"
      },
      "mesh": 74
    },
    {
      "matrix": [
        0.15580159425735474,
        0,
        0,
        0,
        0,
        0.15580159425735474,
        0,
        0,
        0,
        0,
        0.15580159425735474,
        0,
        -1.3443090915679932,
        9.448677062988281,
        -0.00006771832704544067,
        1
      ],
      "name": "shadeWhite_015006",
      "extras": {
        "name": "shadeWhite_015.006"
      },
      "mesh": 75
    },
    {
      "matrix": [
        0.15580159425735474,
        0,
        0,
        0,
        0,
        0.15580159425735474,
        0,
        0,
        0,
        0,
        0.15580159425735474,
        0,
        14.857285499572754,
        8.86055850982666,
        -0.00006768852472305298,
        1
      ],
      "name": "shadeWhite_015018",
      "extras": {
        "name": "shadeWhite_015.018"
      },
      "mesh": 76
    },
    {
      "matrix": [
        0.15580159425735474,
        0,
        0,
        0,
        0,
        0.15580159425735474,
        0,
        0,
        0,
        0,
        0.15580159425735474,
        0,
        11.248246192932129,
        0.8198418617248535,
        -0.00006771087646484375,
        1
      ],
      "name": "shadeWhite_015020",
      "extras": {
        "name": "shadeWhite_015.020"
      },
      "mesh": 77
    },
    {
      "matrix": [
        -0.15580159425735474,
        2.3525386760044614e-8,
        0,
        0,
        -2.3525386760044614e-8,
        -0.15580159425735474,
        0,
        0,
        0,
        0,
        0.15580159425735474,
        0,
        6.036251068115234,
        -2.806692600250244,
        -0.0000677257776260376,
        1
      ],
      "name": "shadeWhite_015024",
      "extras": {
        "name": "shadeWhite_015.024"
      },
      "mesh": 78
    },
    {
      "matrix": [
        1,
        0,
        0,
        0,
        0,
        1,
        0,
        0,
        0,
        0,
        1,
        0,
        4.141545295715332,
        7.70157527923584,
        -0.24955226480960846,
        1
      ],
      "name": "shadeBrown013",
      "extras": {
        "name": "shadeBrown.013"
      },
      "mesh": 79
    },
    {
      "matrix": [
        1,
        0,
        0,
        0,
        0,
        1,
        0,
        0,
        0,
        0,
        1,
        0,
        1.1326227188110352,
        -5.091616153717041,
        0.23609784245491028,
        1
      ],
      "name": "shadeBeige_001",
      "extras": {
        "name": "shadeBeige_001"
      },
      "mesh": 80
    },
    {
      "matrix": [
        -3.149917127132085e-8,
        -1.0000000242916363,
        1.9802541828539688e-8,
        0,
        0.7660445188913068,
        -1.7084101688880082e-8,
        0.6427875571756658,
        0,
        -0.6427875571756658,
        1.9802541828539688e-8,
        0.7660444945996701,
        0,
        0.40107011795043945,
        -4.941534519195557,
        0.32377907633781433,
        1
      ],
      "name": "shadeBrown_020",
      "extras": {
        "name": "shadeBrown_020"
      },
      "mesh": 81
    },
    {
      "matrix": [
        0.013169096293934146,
        2.921295916280542e-8,
        -0.9999132799614969,
        0,
        0.9999132799614934,
        -8.582177457583384e-8,
        0.013169092514438319,
        0,
        -8.920878968865509e-8,
        -0.9999999962205024,
        -2.661090015010359e-8,
        0,
        0.7931351661682129,
        -6.113017559051514,
        0.13758499920368195,
        1
      ],
      "name": "shadeBrown_014",
      "extras": {
        "name": "shadeBrown_014"
      },
      "mesh": 82
    },
    {
      "matrix": [
        -1,
        1.5099580252808664e-7,
        0,
        0,
        -1.5099580252808664e-7,
        -1,
        0,
        0,
        0,
        0,
        1,
        0,
        7.998019218444824,
        0.3293426036834717,
        -0.24955227971076965,
        1
      ],
      "name": "shadeBrown021",
      "extras": {
        "name": "shadeBrown.021"
      },
      "mesh": 83
    },
    {
      "matrix": [
        -5.1349218210816616e-8,
        -1.0000000306119645,
        3.6692277660677064e-8,
        0,
        0.5158251798032794,
        -9.874712603163971e-9,
        0.856693903973202,
        0,
        -0.856693903973202,
        3.6692277660677064e-8,
        0.5158251491913131,
        0,
        0.40428781509399414,
        -13.905632019042969,
        0.11891485750675201,
        1
      ],
      "name": "shadeBrown_021001",
      "extras": {
        "name": "shadeBrown_021.001"
      },
      "mesh": 84
    },
    {
      "matrix": [
        -1,
        1.5099580252808664e-7,
        0,
        0,
        -1.5099580252808664e-7,
        -1,
        0,
        0,
        0,
        0,
        1,
        0,
        6.997086048126221,
        0.3293428421020508,
        -0.24955227971076965,
        1
      ],
      "name": "shadeBrown027",
      "extras": {
        "name": "shadeBrown.027"
      },
      "mesh": 85
    },
    {
      "matrix": [
        -2.1745059086697438e-8,
        1.0000000126525386,
        -4.115437945984013e-8,
        0,
        -0.9069174615373292,
        -3.560019834480954e-9,
        0.4213083707496992,
        0,
        0.4213083707496992,
        4.115437945984013e-8,
        0.9069174488847889,
        0,
        5.2489333152771,
        -10.974532127380371,
        0.6073147654533386,
        1
      ],
      "name": "shadeBrown_017002",
      "extras": {
        "name": "shadeBrown_017.002"
      },
      "mesh": 86
    },
    {
      "matrix": [
        1,
        0,
        0,
        0,
        0,
        1,
        0,
        0,
        0,
        0,
        1,
        0,
        -0.7386513948440552,
        7.70157527923584,
        -0.24955226480960846,
        1
      ],
      "name": "shadeBrown032",
      "extras": {
